          32          32
        0.99999997206219037871       -0.00018413553582894909
        0.00012565292409287749       -0.00000577856004500144
        0.00001566049526554855       -0.00000007659168176628
        0.00000000000036358108       -0.00000000000001510298
       -0.00000000000073059203       -0.00000000000003573506
       -0.00000000309006429610        0.00000000000144747989
       -0.00000000000664715147        0.00000000000004531553
       -0.00000000008955292158       -0.00000000000035648658
        0.00000000000000008355       -0.00000000000000006031
       -0.00000000000000011776       -0.00000000000000006751
       -0.00000000004806064292       -0.00000000000000295794
        0.00000000000374826758       -0.00000000000002939463
       -0.00000000302952521005       -0.00000000000181243604
       -0.00000000031550326836       -0.00000000000013664892
        0.00000000008351754861        0.00000000000067715129
        0.00000000016263980384        0.00000000000000060042
        0.00000000531498150422        0.00000000000001771558
        0.00000000001145763922       -0.00000000000000120384
        0.00000000031785690035        0.00000000000115985856
        0.00000000000000043930        0.00000000000000000420
        0.00000000000000005417       -0.00000000000000005810
        0.00000000056646884476       -0.00000000000012427338
       -0.00000000003140176867        0.00000000000000210581
        0.00000000021774203516        0.00000000000083326131
        0.00000000000000016708        0.00000000000000001484
       -0.00000000000000054311        0.00000000000000003124
       -0.00000000016868675603        0.00000000000517838140
        0.00000000000778808171       -0.00000000000629348361
        0.00000000201403993874        0.00000000000144273500
        0.00000000004532488130        0.00000000000003831965
        0.00000000237707921622        0.00000000000913595623
       -0.00000000002251033668        0.00000000000000000000
        0.00012565405012684948        0.00000575539311758455
       -0.99999998910907128558        0.00000024396618051992
       -0.00000412135171486663       -0.00000004404199320136
       -0.00000000000199625269        0.00000000000003278957
       -0.00000000000073816906       -0.00000000000002355673
       -0.00000000000156025645       -0.00000000000004285586
        0.00000000300569899777       -0.00000000000000171549
        0.00000000000216842529        0.00000000000000943088
        0.00000000000000018398        0.00000000000000002443
        0.00000000000000009290        0.00000000000000004244
        0.00000000000143888465        0.00000000000000004293
       -0.00000000000014542095        0.00000000000000094904
        0.00000000032931680896        0.00000000000004534871
       -0.00000000336222137162        0.00000000000000385208
       -0.00000000000310229270       -0.00000000000002449541
        0.00000000549366099108       -0.00000000000000045679
       -0.00000000001184309994       -0.00000000000000113178
       -0.00000000484346432678        0.00000000000000040350
       -0.00000000000821207044       -0.00000000000003414840
       -0.00000000000000092766       -0.00000000000000003001
        0.00000000000000035081        0.00000000000000000798
       -0.00000000004451486410        0.00000000000000438758
       -0.00000000065331511434        0.00000000000000001224
       -0.00000000000677104437       -0.00000000000002438973
       -0.00000000000000109206       -0.00000000000000007716
       -0.00000000000000035367       -0.00000000000000000274
        0.00000000000496877875       -0.00000000000015265626
       -0.00000000000015113597        0.00000000000012074703
       -0.00000000000364692044       -0.00000000000004091983
       -0.00000000033078784080       -0.00000000000000103823
       -0.00000000007226520608       -0.00000000000026893317
       -0.00000000073455100700        0.00000000000000000000
        0.00001565972511759063        0.00000010181238904290
        0.00000412338957317403       -0.00000003671909304833
       -0.99999838426719767082       -0.00179580917436045076
       -0.00000000000021845494        0.00000000000001379589
        0.00000000000007627325        0.00000000000004292553
       -0.00000000008148608780        0.00000000000026629360
       -0.00000000000233884644        0.00000000000000952387
       -0.00000000343098591451       -0.00000000000411562632
        0.00000000000000004356       -0.00000000000000000240
        0.00000000000000020985       -0.00000000000000002410
        0.00000000002530722278       -0.00000000000003115660
       -0.00000000004559916575        0.00000000000004674211
       -0.00000000000115290447        0.00000000000000333113
       -0.00000000000046275770        0.00000000000000153630
        0.00000000319547609658        0.00000000001785438938
       -0.00000000000422852812       -0.00000000000000415836
        0.00000000044110925140       -0.00000000000117055108
        0.00000000001135284463       -0.00000000000003593602
        0.00000000506192397336        0.00000000000496186301
       -0.00000000000000025138        0.00000000000000001881
        0.00000000000000038944        0.00000000000000002381
       -0.00000000021460063715        0.00000000000063971928
        0.00000000000496508909       -0.00000000000001345381
        0.00000000022350112535        0.00000000000037670199
       -0.00000000000000005498        0.00000000000000000429
        0.00000000000000011453       -0.00000000000000002302
        0.00000000001594831079       -0.00000000000059410997
        0.00000000011984259995       -0.00000000009877833820
       -0.00000000055641261498        0.00000000000120664611
       -0.00000000001512246772        0.00000000000003335658
        0.00000000108038434087        0.00000000000149919257
        0.00000000000074166372        0.00000000000000000000
       -0.00000000000036309701       -0.00000000000002949697
       -0.00000000000199434377       -0.00000000000011238574
       -0.00000000000021789006       -0.00000000000002291163
        0.99920467251398237263        0.03987516875189690835
       -0.00005664893840508400        0.00000120354627708499
        0.00000000000000014680        0.00000000000000002126
        0.00000000000000029224       -0.00000000000000002735
        0.00000000000000001089        0.00000000000000002553
        0.00000000238199822040       -0.00000000000506049778
        0.00000000002747954508        0.00000000000115251852
       -0.00000000000000004670       -0.00000000000000001435
        0.00000000000000003996        0.00000000000000004894
        0.00000000000000002933        0.00000000000000003535
        0.00000000000000034113       -0.00000000000000002132
        0.00000000000000006572       -0.00000000000000000564
       -0.00000000000000015325       -0.00000000000000000040
        0.00000000000000019555       -0.00000000000000001426
        0.00000000000000074889        0.00000000000000002440
       -0.00000000000000002487       -0.00000000000000001195
       -0.00000000737619960132       -0.00000000023232109475
       -0.00000000000008940357        0.00000000000001680525
       -0.00000000000000005651       -0.00000000000000003202
        0.00000000000000071263        0.00000000000000003914
        0.00000000000000017199       -0.00000000000000000792
        0.00000000049668929734        0.00000000002805235611
        0.00000000000569986880        0.00000000000025264767
       -0.00000000000000004033        0.00000000000000001048
        0.00000000000000000383       -0.00000000000000001428
        0.00000000000000073871        0.00000000000000008431
        0.00000000000000044915        0.00000000000000002830
        0.00000000000000092007        0.00000000000000010380
        0.00000000000000025905        0.00000000000000000000
       -0.00000000000064502258        0.00000000000034675754
        0.00000000000065669702       -0.00000000000033870216
       -0.00000000000005045627        0.00000000000007139164
       -0.00005255228357722154        0.00002118509468582429
       -0.90290104247000591009        0.42984847814635751551
        0.00000000000000012773       -0.00000000000000001238
       -0.00000000000000010036        0.00000000000000005382
       -0.00000000000000039128        0.00000000000000019042
        0.00000000002402456809       -0.00000000001338227091
       -0.00000000212981143425        0.00000000106631622670
        0.00000000000000011308       -0.00000000000000003813
        0.00000000000000001608        0.00000000000000005203
       -0.00000000000000005905        0.00000000000000004816
       -0.00000000000000016001        0.00000000000000007866
        0.00000000000000012936       -0.00000000000000007491
        0.00000000000000005868       -0.00000000000000003207
        0.00000000000000044314       -0.00000000000000018927
       -0.00000000000000024554        0.00000000000000010964
       -0.00000000000000023779        0.00000000000000013855
        0.00000000000008745449       -0.00000000000002427340
       -0.00000000651589716702        0.00000000345715130627
       -0.00000000000000054629        0.00000000000000027174
       -0.00000000000000026701        0.00000000000000019467
        0.00000000000000026118       -0.00000000000000011806
        0.00000000000515035460       -0.00000000000248764317
       -0.00000000044639322962        0.00000000022232277095
       -0.00000000000000167528        0.00000000000000089192
        0.00000000000000037404       -0.00000000000000078401
        0.00000000000000017520        0.00000000000000001006
       -0.00000000000000015286        0.00000000000000011749
        0.00000000000000097058       -0.00000000000000033229
       -0.00000000000000010036        0.00000000000000000000
       -0.00000000312699412893       -0.00000000000027241894
       -0.00000000004810606223       -0.00000000000000712484
        0.00000000011082980649        0.00000000000053734009
       -0.00000000000000155097       -0.00000000000000000249
        0.00000000000000300762        0.00000000000000001426
       -0.99999996078265496191        0.00019583167128799697
       -0.00011532003868026373        0.00000610073236997940
       -0.00012191050063786418       -0.00000058533329243714
        0.00000000000029304220       -0.00000000000001535365
       -0.00000000000060016814        0.00000000000000774351
       -0.00000000046946574328       -0.00000000000045532335
        0.00000000006637681132        0.00000000000002862086
       -0.00000004570743064884       -0.00000000003991344242
       -0.00000000467017897413       -0.00000000000295012255
        0.00000000061785253382        0.00000000000531425047
       -0.00000000050911458427       -0.00000000000000082903
       -0.00000000309852827684       -0.00000000000084475452
       -0.00000000012340783434       -0.00000000000002675048
        0.00000000054993164934        0.00000000000220336721
        0.00000000000000145433       -0.00000000000000002965
       -0.00000000000000003154       -0.00000000000000007370
       -0.00000002656046662496        0.00000000000008649361
        0.00000000009849458291       -0.00000000000000270473
        0.00000000003931787039       -0.00000000000017639958
        0.00000000000000029593        0.00000000000000000505
        0.00000000000000144562        0.00000000000000002075
       -0.00000000062613545741        0.00000000001922804405
        0.00000000023375526071       -0.00000000019239187690
        0.00000000866221747880        0.00000000000850834706
        0.00000000032101573311        0.00000000000022837456
        0.00000000793275126058        0.00000000003223004804
       -0.00000000008872737543        0.00000000000000000000
       -0.00000000005280529179       -0.00000000000000834026
       -0.00000000146512114232       -0.00000000000000026957
        0.00000000000190047339        0.00000000000001673068
        0.00000000000000086381        0.00000000000000007858
        0.00000000000000042564        0.00000000000000001710
        0.00011532188356662887        0.00000607813405801867
       -0.99999998837897330350        0.00000022640740435583
       -0.00000482355035192802       -0.00000011592411784215
        0.00000000000173182168       -0.00000000000008970901
        0.00000000000073809995        0.00000000000000278801
       -0.00000000001421941770       -0.00000000000001394241
        0.00000000000198095634        0.00000000000000097614
       -0.00000000467203821640       -0.00000000000111847853
        0.00000004575898212184       -0.00000000000008514582
        0.00000000002774805145        0.00000000000024495570
        0.00000001650276386152       -0.00000000000000006441
       -0.00000000012840887266       -0.00000000000002359718
        0.00000000108347156833       -0.00000000000000078632
        0.00000000001758046902        0.00000000000006774038
       -0.00000000000000260725       -0.00000000000000001365
        0.00000000000000114926       -0.00000000000000002698
       -0.00000000013650004668        0.00000000000000424453
        0.00000001610416943844       -0.00000000000000021791
       -0.00000000000102450359       -0.00000000000000539464
       -0.00000000000000742703       -0.00000000000000007720
       -0.00000000000000333134        0.00000000000000001325
       -0.00000000001951284846        0.00000000000059985768
        0.00000000000711721270       -0.00000000000585785865
        0.00000000074894699579        0.00000000000025601753
       -0.00000000281204454278        0.00000000000000688745
        0.00000000022170846619        0.00000000000098780512
        0.00000000288820249449        0.00000000000000000000
       -0.00000000011844398743        0.00000000000056221577
       -0.00000000000169509069        0.00000000000001471667
        0.00000000362181859607        0.00000000000052268023
       -0.00000000000000202741       -0.00000000000000000641
        0.00000000000000105512       -0.00000000000000006422
        0.00012190894870038812       -0.00000066447332688304
        0.00000483753398360022       -0.00000011892889632251
       -0.99999988499228542604        0.00045322815201281175
       -0.00000000000001945119       -0.00000000000000376581
        0.00000000000020438775        0.00000000000000266840
       -0.00000000028081480057        0.00000000000023425362
        0.00000000007358702047       -0.00000000000015578467
        0.00000000034543315510       -0.00000000000137859398
        0.00000000001511713833       -0.00000000000004976102
        0.00000004645567922253        0.00000000018270228250
        0.00000000001214076633       -0.00000000000000189617
        0.00000000075523044553       -0.00000000000328732910
        0.00000000002257492226       -0.00000000000009482927
       -0.00000000004081186142        0.00000000000002042745
        0.00000000000000268532       -0.00000000000000005229
        0.00000000000000079270       -0.00000000000000012059
        0.00000000014836518612       -0.00000000000070425527
       -0.00000000000511668570        0.00000000000001506851
        0.00000002129312718614       -0.00000000000167038374
        0.00000000000000123922        0.00000000000000000066
       -0.00000000000000075313        0.00000000000000001625
        0.00000000029858162589       -0.00000000001015542284
        0.00000000000858406303       -0.00000000000687449128
       -0.00000000192068575775        0.00000000000702996199
       -0.00000000005359424080        0.00000000000019008320
       -0.00000000469341133369        0.00000000000223731295
        0.00000000000201720997        0.00000000000000000000
        0.00000000000000028859        0.00000000000000005814
        0.00000000000000109899       -0.00000000000000001405
        0.00000000000000006075       -0.00000000000000000371
       -0.00000000054363644463        0.00000000001009319721
        0.00000000000625026575        0.00000000000002051330
       -0.00000000000029093860        0.00000000000000247153
       -0.00000000000172572238        0.00000000000001522248
        0.00000000000001778434       -0.00000000000000492872
       -0.99816594891843424264        0.06053686382524323811
       -0.00008063745764300884        0.00000575907077659028
        0.00000000000000112539        0.00000000000000053096
       -0.00000000000000057452       -0.00000000000000000726
       -0.00000000000000083885        0.00000000000000003532
        0.00000000000000624385       -0.00000000000000001644
       -0.00000000000000011111        0.00000000000000001874
        0.00000000000000216261       -0.00000000000000001057
       -0.00000000000000013184       -0.00000000000000002424
       -0.00000000000000200047       -0.00000000000000000094
        0.00000000000000007216       -0.00000000000000002503
        0.00000000101529530214       -0.00000000002738290579
        0.00000000001162680801       -0.00000000000046526071
       -0.00000000000000059816        0.00000000000000000394
        0.00000000000001646647       -0.00000000000000003415
       -0.00000000000000001384       -0.00000000000000000956
       -0.00000002905011608310        0.00000000005900407002
       -0.00000000000008955970        0.00000000000003393881
       -0.00000000000000177336        0.00000000000000007354
        0.00000000000000120550       -0.00000000000000105774
        0.00000000000000421341       -0.00000000000000016924
        0.00000000000000616916        0.00000000000000000472
        0.00000000000000593311       -0.00000000000000023274
       -0.00000000000001138512        0.00000000000000000000
        0.00000000000000032555       -0.00000000000000002654
       -0.00000000000000045898       -0.00000000000000006090
       -0.00000000000000017211        0.00000000000000000559
        0.00000000000625551432       -0.00000000000003583550
        0.00000000054159226388        0.00000000000873884453
       -0.00000000000059273428       -0.00000000000000537166
        0.00000000000073438528       -0.00000000000000555072
        0.00000000000020462704       -0.00000000000000349987
       -0.00008084086623179065       -0.00000056640812023099
        0.99999307499370282404       -0.00371798782247280673
        0.00000000000001203432       -0.00000000000000011366
       -0.00000000000000581948        0.00000000000000007381
       -0.00000000000000058143        0.00000000000000005558
       -0.00000000000000285135       -0.00000000000000002016
        0.00000000000000086788        0.00000000000000002382
       -0.00000000000000092836        0.00000000000000000343
       -0.00000000000000049241       -0.00000000000000000945
        0.00000000000000090911        0.00000000000000001203
        0.00000000000000114465        0.00000000000000000856
       -0.00000000001164047560        0.00000000000016667759
        0.00000000101208926460       -0.00000000002768317537
       -0.00000000000000691390       -0.00000000000000003137
       -0.00000000000000698824       -0.00000000000000000996
        0.00000000000000027312        0.00000000000000002798
       -0.00000000000009222153       -0.00000000000003364236
        0.00000002905039650256       -0.00000000004708621911
       -0.00000000000002493512        0.00000000000000061601
        0.00000000000000384451       -0.00000000000000312734
        0.00000000000000904757       -0.00000000000000009581
       -0.00000000000000236702        0.00000000000000001231
        0.00000000000001503660       -0.00000000000000001064
        0.00000000000000491904        0.00000000000000000000
       -0.00000000006939010964        0.00000000000002934014
       -0.00000000000198178288        0.00000000000000082727
       -0.00000000000070938313       -0.00000000000004155210
       -0.00000000000000017907        0.00000000000000000800
       -0.00000000000002670907       -0.00000000000000036639
        0.00000000053176517031       -0.00000000000036878959
        0.00000000001629457263       -0.00000000000001156182
        0.00000000015584918255       -0.00000000000004977700
       -0.00000000000000124439       -0.00000000000000046025
        0.00000000000001264859       -0.00000000000000027694
        0.99999995494191173950        0.00029776432933490652
        0.00000008021817880515       -0.00000000004416830713
        0.00000000027758317377        0.00000000000013216741
        0.00000000001983316541        0.00000000000000981973
       -0.00000000003986480741       -0.00000000000008627591
       -0.00000000000003098735       -0.00000000000000002421
       -0.00000000010367249201       -0.00000000000030231320
       -0.00000000000344985149       -0.00000000000000944736
        0.00000000039774920171        0.00000000000059588677
        0.00000000000000029328       -0.00000000000000004464
       -0.00000000000002102257        0.00000000000000062252
       -0.00000000028560404556        0.00000000000018413419
        0.00000000000643998957       -0.00000000000000417410
        0.00000000011026730921        0.00000000000009236293
        0.00000000000000151592       -0.00000000000000004162
       -0.00000000000001275073        0.00000000000000011259
        0.00000000926471118490       -0.00000000028493311662
       -0.00000000055840845668        0.00000000045989438790
        0.00000000210397567502        0.00000000000166980398
        0.00000000005710555487        0.00000000000004465349
        0.00000000192785976107        0.00000000000785953402
       -0.00000000000012507678        0.00000000000000000000
        0.00000000107134185358       -0.00000000000418547392
        0.00000000002842993099       -0.00000000000012195073
       -0.00000000354859637469       -0.00000000000153624595
       -0.00000000000000307501        0.00000000000000099153
       -0.00000000000012306405       -0.00000000000000204371
        0.00000000394015298178       -0.00000000001202719105
        0.00000000011697237292       -0.00000000000037016707
        0.00000000626551255608       -0.00000000000226716156
        0.00000000000000078160        0.00000000000000024076
        0.00000000000007102940       -0.00000000000000088844
        0.00000007605216968107       -0.00000000010075101658
       -0.99999762960823557201        0.00217317747380940543
        0.00000000016453611997        0.00000000000064933563
        0.00000000001044284284        0.00000000000002101466
        0.00000000155102309321        0.00000000000684874292
       -0.00000000000027778187        0.00000000000000011574
       -0.00000000727384693140        0.00000000002227946310
       -0.00000000019827350201        0.00000000000064329712
       -0.00000001252665041844        0.00000000000578151203
        0.00000000000000427997       -0.00000000000000156240
       -0.00000000000011643219        0.00000000000000277923
       -0.00000001191848738915        0.00000000003464755249
        0.00000000025511442913       -0.00000000000077650541
        0.00000001656215714080        0.00000000000050960859
       -0.00000000000000145857       -0.00000000000000086147
       -0.00000000000012527130        0.00000000000000163393
        0.00000000133924153506       -0.00000000004336158845
        0.00000010911864804920       -0.00000009016611006121
        0.00000000787971791721       -0.00000000001188099758
        0.00000000021632338311       -0.00000000000032570161
       -0.00000002798573771354        0.00000000001621558383
        0.00000000000102730834        0.00000000000000000000
        0.00000000714656729799       -0.00000000000689728728
        0.00000000043213113176       -0.00000000000021266017
       -0.00000000249767481859       -0.00000000000891429786
       -0.00000000000000826066        0.00000000000000033344
        0.00000000000001896321       -0.00000000000000044440
       -0.00000003350970232851        0.00000000004170876258
       -0.00000000316655822871        0.00000000000128696074
        0.00000000995875021838        0.00000000003015569790
        0.00000000000000150698       -0.00000000000000019393
        0.00000000000000125169        0.00000000000000004675
        0.00000000131508261057        0.00000000000157146774
        0.00000000400033615364        0.00000000000238929079
        0.99993936810267713966       -0.00019720383083787708
        0.00510392729462690303       -0.00001103809037469311
       -0.00975559934940512137       -0.00007504573291050361
       -0.00000001110795111922        0.00000000000010080633
       -0.00000000854430073721        0.00000000000638132329
       -0.00000000008131249954        0.00000000000024466957
       -0.00000002052295880874       -0.00000000005741906404
        0.00000000000001127331       -0.00000000000000053926
        0.00000000000002315300       -0.00000000000000165003
       -0.00000001521108645163        0.00000000001782485201
        0.00000000029972833811       -0.00000000000046167282
        0.00000002700094572032        0.00000000009254511937
       -0.00000000000000308627        0.00000000000000001568
       -0.00000000000000766681        0.00000000000000024454
        0.00000001047816118071       -0.00000000031357692771
       -0.00000000426282187310        0.00000000350177239561
        0.00000008981818401497       -0.00000000001278202652
       -0.00000000042971080613       -0.00000000000031557890
       -0.00000003131689861499       -0.00000000009754975070
        0.00000000044067169710        0.00000000000000000000
        0.00000000057616559664       -0.00000000000047136618
       -0.00000000337017080831       -0.00000000000001450577
       -0.00000000017800475256       -0.00000000000055033380
       -0.00000000000000421617        0.00000000000000002536
        0.00000000000000005210       -0.00000000000000001683
       -0.00000000320016015609        0.00000000000266861361
        0.00000003205987038316        0.00000000000008143912
        0.00000000068428934168        0.00000000000197989995
        0.00000000000000036435       -0.00000000000000001703
        0.00000000000000002843       -0.00000000000000000093
        0.00000000009044387755        0.00000000000008967721
        0.00000000027702842643        0.00000000000012151939
       -0.00511108570180252887       -0.00000999152034043842
        0.99998669833395592565       -0.00000055556781438397
       -0.00070864246521279547       -0.00000173365679773691
        0.00000016837031187828        0.00000000000000686370
       -0.00000000052470597454        0.00000000000061040875
       -0.00000000221957953810        0.00000000000002140176
       -0.00000000143763428564       -0.00000000000354880706
        0.00000000000000444721       -0.00000000000000006796
        0.00000000000000016697       -0.00000000000000003053
       -0.00000000101334611848        0.00000000000137833813
        0.00000000042809801680       -0.00000000000003477154
        0.00000000189650323008        0.00000000000583981148
        0.00000000000000676913        0.00000000000000011258
        0.00000000000000297806        0.00000000000000003019
        0.00000000072061396731       -0.00000000002170561918
       -0.00000000029568550855        0.00000000024303040652
       -0.00000000151715343460       -0.00000000000080460155
        0.00000004360570505008       -0.00000000000001976501
       -0.00000000213308137837       -0.00000000000516181876
       -0.00000000673979181765        0.00000000000000000000
        0.00000000322103174528       -0.00000000002065666054
        0.00000000008469483083       -0.00000000000056824000
       -0.00000001620997308038        0.00000000003243543912
       -0.00000000000001246298        0.00000000000000128322
       -0.00000000000000556123       -0.00000000000000234978
        0.00000000845360217433       -0.00000000006113955790
        0.00000000022651916048       -0.00000000000189190212
        0.00000000392262157458       -0.00000000000937384908
       -0.00000000000000497346        0.00000000000000003078
        0.00000000000001760875       -0.00000000000000027890
        0.00000000375922622871       -0.00000000001393016751
        0.00000001328068856032       -0.00000000006093148446
       -0.00975196572918480761        0.00005944556497549188
       -0.00075846356689628265        0.00000086210699273994
       -0.99995053759566343565       -0.00179662859131327003
       -0.00000000016657094525       -0.00000000000004476101
       -0.00000002967390300783        0.00000000018841287350
       -0.00000000077780974256        0.00000000000526250794
       -0.00000008297777910194        0.00000000023331883647
        0.00000000000003011112       -0.00000000000000225421
        0.00000000000001194928       -0.00000000000000389744
       -0.00000002982439346914        0.00000000020627517985
        0.00000000059341831905       -0.00000000000445786096
        0.00000011576026588031       -0.00000000025548336093
        0.00000000000000941267        0.00000000000000036993
       -0.00000000000005815863        0.00000000000000135844
        0.00000002887625409899       -0.00000000100373072168
       -0.00000001496787776953        0.00000001242944122043
        0.00000000037901506233       -0.00000000001704171746
        0.00000000001026639939       -0.00000000000058331584
       -0.00000046518005279985        0.00000000116845309959
        0.00000000000708800868        0.00000000000000000000
       -0.00000000013325846273       -0.00000000000000106285
        0.00000000447131922323        0.00000000000000006556
       -0.00000000000357556335       -0.00000000000000326984
        0.00000000000000333576        0.00000000000000001245
        0.00000000000000080039        0.00000000000000000058
        0.00000000005666646235        0.00000000000000063990
       -0.00000000189268039951        0.00000000000000000368
       -0.00000000000093110902        0.00000000000000216881
        0.00000000000000138925       -0.00000000000000001594
        0.00000000000000102275       -0.00000000000000003059
        0.00000000000008537020       -0.00000000000000004123
        0.00000000000002367214       -0.00000000000000017245
       -0.00000001172410832805        0.00000000000038808408
        0.00000016488596782858        0.00000000000002115148
        0.00000000015177223806        0.00000000000077540928
       -0.99999999625886770716       -0.00000000068269095341
       -0.00000000017994424684        0.00000000000000008365
        0.00000000606542684993       -0.00000000000000011810
        0.00000000000324687266       -0.00000000000000082013
       -0.00000000000000429301       -0.00000000000000001565
        0.00000000000000117432       -0.00000000000000002091
        0.00000000065676361682        0.00000000000000003434
        0.00000001548659013338       -0.00000000000000001379
        0.00000000001297210472        0.00000000000000161603
       -0.00000000000000298316       -0.00000000000000015972
       -0.00000000000000191112        0.00000000000000000423
       -0.00000000000015647806        0.00000000000000466115
       -0.00000000000007484694        0.00000000000006127928
        0.00000000064216326845       -0.00000000000000861280
       -0.00000000382535826164       -0.00000000000000017243
       -0.00000000004430689738       -0.00000000000004042578
        0.00000006136859991299        0.00000000000000000000
        0.00000000000000000000        0.00000000000000000000
        0.00000000000000000000        0.00000000000000000000
        0.00000000000000000000        0.00000000000000000000
        0.00000000000000000000        0.00000000000000000000
        0.00000000000000000000        0.00000000000000000000
        0.00000000000000000000        0.00000000000000000000
        0.00000000000000000000        0.00000000000000000000
        0.00000000000000000000        0.00000000000000000000
        0.00000000000000000000        0.00000000000000000000
        0.00000000000000000000        0.00000000000000000000
        0.00000000000000000000        0.00000000000000000000
        0.00000000000000000000        0.00000000000000000000
        0.00000000000000000000        0.00000000000000000000
        0.00000000000000000000        0.00000000000000000000
        0.00000000000000000000        0.00000000000000000000
        0.00000000000000000000        0.00000000000000000000
        0.00000000000000000000        0.00000000000000000000
        0.00000000000000000000        0.00000000000000000000
        0.00000000000000000000        0.00000000000000000000
        0.00000000000000000000        0.00000000000000000000
        0.00000000000000000000        0.00000000000000000000
        0.00000000000000000000        0.00000000000000000000
        0.00000000000000000000        0.00000000000000000000
        0.00000000000000000000        0.00000000000000000000
        0.00000000000000000000        0.00000000000000000000
        0.00000000000000000000        0.00000000000000000000
        0.00000000000000000000        0.00000000000000000000
        0.00000000000000000000        0.00000000000000000000
        0.00000000000000000000        0.00000000000000000000
        0.00000000000000000000        0.00000000000000000000
        0.00000000000000000000        0.00000000000000000000
        0.00000000000000000000        0.00000000000000000000
        0.00000000000000000000        0.00000000000000000000
        0.00000000000000000000        0.00000000000000000000
        0.00000000000000000000        0.00000000000000000000
        0.00000000000000000000        0.00000000000000000000
        0.00000000000000000000        0.00000000000000000000
        0.00000000000000000000        0.00000000000000000000
        0.00000000000000000000        0.00000000000000000000
        0.00000000000000000000        0.00000000000000000000
        0.00000000000000000000        0.00000000000000000000
        0.00000000000000000000        0.00000000000000000000
        0.00000000000000000000        0.00000000000000000000
        0.00000000000000000000        0.00000000000000000000
        0.00000000000000000000        0.00000000000000000000
        0.00000000000000000000        0.00000000000000000000
        0.00000000000000000000        0.00000000000000000000
        0.00000000000000000000        0.00000000000000000000
        0.00000000000000000000        0.00000000000000000000
        0.00000000000000000000        0.00000000000000000000
        0.00000000000000000000        0.00000000000000000000
        0.00000000000000000000        0.00000000000000000000
        0.00000000000000000000        0.00000000000000000000
        0.00000000000000000000        0.00000000000000000000
        0.00000000000000000000        0.00000000000000000000
        0.00000000000000000000        0.00000000000000000000
        0.00000000000000000000        0.00000000000000000000
        0.00000000000000000000        0.00000000000000000000
        0.00000000000000000000        0.00000000000000000000
        0.00000000000000000000        0.00000000000000000000
        0.00000000000000000000        0.00000000000000000000
        0.00000000000000000000        0.00000000000000000000
        0.00000000000000000000        0.00000000000000000000
        0.00000000000000000000        0.00000000000000000000
        0.00000000000000000000        0.00000000000000000000
        0.00000000000000000000        0.00000000000000000000
        0.00000000000000000000        0.00000000000000000000
        0.00000000000000000000        0.00000000000000000000
        0.00000000000000000000        0.00000000000000000000
        0.00000000000000000000        0.00000000000000000000
        0.00000000000000000000        0.00000000000000000000
        0.00000000000000000000        0.00000000000000000000
        0.00000000000000000000        0.00000000000000000000
        0.00000000000000000000        0.00000000000000000000
        0.00000000000000000000        0.00000000000000000000
        0.00000000000000000000        0.00000000000000000000
        0.00000000000000000000        0.00000000000000000000
        0.00000000000000000000        0.00000000000000000000
        0.00000000000000000000        0.00000000000000000000
        0.00000000000000000000        0.00000000000000000000
        0.00000000000000000000        0.00000000000000000000
        0.00000000000000000000        0.00000000000000000000
        0.00000000000000000000        0.00000000000000000000
        0.00000000000000000000        0.00000000000000000000
        0.00000000000000000000        0.00000000000000000000
        0.00000000000000000000        0.00000000000000000000
        0.00000000000000000000        0.00000000000000000000
        0.00000000000000000000        0.00000000000000000000
        0.00000000000000000000        0.00000000000000000000
        0.00000000000000000000        0.00000000000000000000
        0.00000000000000000000        0.00000000000000000000
        0.00000000000000000000        0.00000000000000000000
        0.00000000000000000000        0.00000000000000000000
        0.00000000000000000000        0.00000000000000000000
        0.00000000000000000000        0.00000000000000000000
        0.00000000000000000000        0.00000000000000000000
        0.00000000000000000000        0.00000000000000000000
        0.00000000000000000000        0.00000000000000000000
        0.00000000000000000000        0.00000000000000000000
        0.00000000000000000000        0.00000000000000000000
        0.00000000000000000000        0.00000000000000000000
        0.00000000000000000000        0.00000000000000000000
        0.00000000000000000000        0.00000000000000000000
        0.00000000000000000000        0.00000000000000000000
        0.00000000000000000000        0.00000000000000000000
        0.00000000000000000000        0.00000000000000000000
        0.00000000000000000000        0.00000000000000000000
        0.00000000000000000000        0.00000000000000000000
        0.00000000000000000000        0.00000000000000000000
        0.00000000000000000000        0.00000000000000000000
        0.00000000000000000000        0.00000000000000000000
        0.00000000000000000000        0.00000000000000000000
        0.00000000000000000000        0.00000000000000000000
        0.00000000000000000000        0.00000000000000000000
        0.00000000000000000000        0.00000000000000000000
        0.00000000000000000000        0.00000000000000000000
        0.00000000000000000000        0.00000000000000000000
        0.00000000000000000000        0.00000000000000000000
        0.00000000000000000000        0.00000000000000000000
        0.00000000000000000000        0.00000000000000000000
        0.00000000000000000000        0.00000000000000000000
        0.00000000000000000000        0.00000000000000000000
        0.00000000000000000000        0.00000000000000000000
        0.00000000000000000000        0.00000000000000000000
        0.00000000000000000000        0.00000000000000000000
        0.00000000000000000000        0.00000000000000000000
        0.00000000000000000000        0.00000000000000000000
        0.00000000000000000000        0.00000000000000000000
        0.00000000000000000000        0.00000000000000000000
        0.00000000000000000000        0.00000000000000000000
        0.00000000000000000000        0.00000000000000000000
        0.00000000000000000000        0.00000000000000000000
        0.00000000000000000000        0.00000000000000000000
        0.00000000000000000000        0.00000000000000000000
        0.00000000000000000000        0.00000000000000000000
        0.00000000000000000000        0.00000000000000000000
        0.00000000000000000000        0.00000000000000000000
        0.00000000000000000000        0.00000000000000000000
        0.00000000000000000000        0.00000000000000000000
        0.00000000000000000000        0.00000000000000000000
        0.00000000000000000000        0.00000000000000000000
        0.00000000000000000000        0.00000000000000000000
        0.00000000000000000000        0.00000000000000000000
        0.00000000000000000000        0.00000000000000000000
        0.00000000000000000000        0.00000000000000000000
        0.00000000000000000000        0.00000000000000000000
        0.00000000000000000000        0.00000000000000000000
        0.00000000000000000000        0.00000000000000000000
        0.00000000000000000000        0.00000000000000000000
        0.00000000000000000000        0.00000000000000000000
        0.00000000000000000000        0.00000000000000000000
        0.00000000000000000000        0.00000000000000000000
        0.00000000000000000000        0.00000000000000000000
        0.00000000000000000000        0.00000000000000000000
        0.00000000000000000000        0.00000000000000000000
        0.00000000000000000000        0.00000000000000000000
        0.00000000000000000000        0.00000000000000000000
        0.00000000000000000000        0.00000000000000000000
        0.00000000000000000000        0.00000000000000000000
        0.00000000000000000000        0.00000000000000000000
        0.00000000000000000000        0.00000000000000000000
        0.00000000000000000000        0.00000000000000000000
        0.00000000000000000000        0.00000000000000000000
        0.00000000000000000000        0.00000000000000000000
        0.00000000000000000000        0.00000000000000000000
        0.00000000000000000000        0.00000000000000000000
        0.00000000000000000000        0.00000000000000000000
        0.00000000000000000000        0.00000000000000000000
        0.00000000000000000000        0.00000000000000000000
        0.00000000000000000000        0.00000000000000000000
        0.00000000000000000000        0.00000000000000000000
        0.00000000000000000000        0.00000000000000000000
        0.00000000000000000000        0.00000000000000000000
        0.00000000000000000000        0.00000000000000000000
        0.00000000000000000000        0.00000000000000000000
        0.00000000000000000000        0.00000000000000000000
        0.00000000000000000000        0.00000000000000000000
        0.00000000000000000000        0.00000000000000000000
        0.00000000000000000000        0.00000000000000000000
        0.00000000000000000000        0.00000000000000000000
        0.00000000000000000000        0.00000000000000000000
        0.00000000000000000000        0.00000000000000000000
        0.00000000000000000000        0.00000000000000000000
        0.00000000000000000000        0.00000000000000000000
        0.00000000000000000000        0.00000000000000000000
        0.00000000000000000000        0.00000000000000000000
        0.00000000000000000000        0.00000000000000000000
        0.00000000000000000000        0.00000000000000000000
        0.00000000000000000000        0.00000000000000000000
        0.00000000000000000000        0.00000000000000000000
        0.00000000000000000000        0.00000000000000000000
        0.00000000000000000000        0.00000000000000000000
        0.00000000000000000000        0.00000000000000000000
        0.00000000000000000000        0.00000000000000000000
        0.00000000000000000000        0.00000000000000000000
        0.00000000000000000000        0.00000000000000000000
        0.00000000000000000000        0.00000000000000000000
        0.00000000000000000000        0.00000000000000000000
        0.00000000000000000000        0.00000000000000000000
        0.00000000000000000000        0.00000000000000000000
        0.00000000000000000000        0.00000000000000000000
        0.00000000000000000000        0.00000000000000000000
        0.00000000000000000000        0.00000000000000000000
        0.00000000000000000000        0.00000000000000000000
        0.00000000000000000000        0.00000000000000000000
        0.00000000000000000000        0.00000000000000000000
        0.00000000000000000000        0.00000000000000000000
        0.00000000000000000000        0.00000000000000000000
        0.00000000000000000000        0.00000000000000000000
        0.00000000000000000000        0.00000000000000000000
        0.00000000000000000000        0.00000000000000000000
        0.00000000000000000000        0.00000000000000000000
        0.00000000000000000000        0.00000000000000000000
        0.00000000000000000000        0.00000000000000000000
        0.00000000000000000000        0.00000000000000000000
        0.00000000000000000000        0.00000000000000000000
        0.00000000000000000000        0.00000000000000000000
        0.00000000000000000000        0.00000000000000000000
        0.00000000000000000000        0.00000000000000000000
        0.00000000000000000000        0.00000000000000000000
        0.00000000000000000000        0.00000000000000000000
        0.00000000000000000000        0.00000000000000000000
        0.00000000000000000000        0.00000000000000000000
        0.00000000000000000000        0.00000000000000000000
        0.00000000000000000000        0.00000000000000000000
        0.00000000000000000000        0.00000000000000000000
        0.00000000000000000000        0.00000000000000000000
        0.00000000000000000000        0.00000000000000000000
        0.00000000000000000000        0.00000000000000000000
        0.00000000000000000000        0.00000000000000000000
        0.00000000000000000000        0.00000000000000000000
        0.00000000000000000000        0.00000000000000000000
        0.00000000000000000000        0.00000000000000000000
        0.00000000000000000000        0.00000000000000000000
        0.00000000000000000000        0.00000000000000000000
        0.00000000000000000000        0.00000000000000000000
        0.00000000000000000000        0.00000000000000000000
        0.00000000000000000000        0.00000000000000000000
        0.00000000000000000000        0.00000000000000000000
        0.00000000000000000000        0.00000000000000000000
        0.00000000000000000000        0.00000000000000000000
        0.00000000000000000000        0.00000000000000000000
        0.00000000000000000000        0.00000000000000000000
        0.00000000000000000000        0.00000000000000000000
        0.00000000000000000000        0.00000000000000000000
        0.00000000000000000000        0.00000000000000000000
        0.00000000000000000000        0.00000000000000000000
        0.00000000000000000000        0.00000000000000000000
        0.00000000000000000000        0.00000000000000000000
        0.00000000000000000000        0.00000000000000000000
        0.00000000000000000000        0.00000000000000000000
        0.00000000000000000000        0.00000000000000000000
        0.00000000000000000000        0.00000000000000000000
        0.00000000000000000000        0.00000000000000000000
        0.00000000000000000000        0.00000000000000000000
        0.00000000000000000000        0.00000000000000000000
        0.00000000000000000000        0.00000000000000000000
        0.00000000000000000000        0.00000000000000000000
        0.00000000000000000000        0.00000000000000000000
        0.00000000000000000000        0.00000000000000000000
        0.00000000000000000000        0.00000000000000000000
        0.00000000000000000000        0.00000000000000000000
        0.00000000000000000000        0.00000000000000000000
        0.00000000000000000000        0.00000000000000000000
        0.00000000000000000000        0.00000000000000000000
        0.00000000000000000000        0.00000000000000000000
        0.00000000000000000000        0.00000000000000000000
        0.00000000000000000000        0.00000000000000000000
        0.00000000000000000000        0.00000000000000000000
        0.00000000000000000000        0.00000000000000000000
        0.00000000000000000000        0.00000000000000000000
        0.00000000000000000000        0.00000000000000000000
        0.00000000000000000000        0.00000000000000000000
        0.00000000000000000000        0.00000000000000000000
        0.00000000000000000000        0.00000000000000000000
        0.00000000000000000000        0.00000000000000000000
        0.00000000000000000000        0.00000000000000000000
        0.00000000000000000000        0.00000000000000000000
        0.00000000000000000000        0.00000000000000000000
        0.00000000000000000000        0.00000000000000000000
        0.00000000000000000000        0.00000000000000000000
        0.00000000000000000000        0.00000000000000000000
        0.00000000000000000000        0.00000000000000000000
        0.00000000000000000000        0.00000000000000000000
        0.00000000000000000000        0.00000000000000000000
        0.00000000000000000000        0.00000000000000000000
        0.00000000000000000000        0.00000000000000000000
        0.00000000000000000000        0.00000000000000000000
        0.00000000000000000000        0.00000000000000000000
        0.00000000000000000000        0.00000000000000000000
        0.00000000000000000000        0.00000000000000000000
        0.00000000000000000000        0.00000000000000000000
        0.00000000000000000000        0.00000000000000000000
        0.00000000000000000000        0.00000000000000000000
        0.00000000000000000000        0.00000000000000000000
        0.00000000000000000000        0.00000000000000000000
        0.00000000000000000000        0.00000000000000000000
        0.00000000000000000000        0.00000000000000000000
        0.00000000000000000000        0.00000000000000000000
        0.00000000000000000000        0.00000000000000000000
        0.00000000000000000000        0.00000000000000000000
        0.00000000000000000000        0.00000000000000000000
        0.00000000000000000000        0.00000000000000000000
        0.00000000000000000000        0.00000000000000000000
        0.00000000000000000000        0.00000000000000000000
        0.00000000000000000000        0.00000000000000000000
        0.00000000000000000000        0.00000000000000000000
        0.00000000000000000000        0.00000000000000000000
        0.00000000000000000000        0.00000000000000000000
        0.00000000000000000000        0.00000000000000000000
        0.00000000000000000000        0.00000000000000000000
        0.00000000000000000000        0.00000000000000000000
        0.00000000000000000000        0.00000000000000000000
        0.00000000000000000000        0.00000000000000000000
        0.00000000000000000000        0.00000000000000000000
        0.00000000000000000000        0.00000000000000000000
        0.00000000000000000000        0.00000000000000000000
        0.00000000000000000000        0.00000000000000000000
        0.00000000000000000000        0.00000000000000000000
        0.00000000000000000000        0.00000000000000000000
        0.00000000000000000000        0.00000000000000000000
        0.00000000000000000000        0.00000000000000000000
        0.00000000000000000000        0.00000000000000000000
        0.00000000000000000000        0.00000000000000000000
        0.00000000000000000000        0.00000000000000000000
        0.00000000000000000000        0.00000000000000000000
        0.00000000000000000000        0.00000000000000000000
        0.00000000000000000000        0.00000000000000000000
        0.00000000000000000000        0.00000000000000000000
        0.00000000000000000000        0.00000000000000000000
        0.00000000000000000000        0.00000000000000000000
        0.00000000000000000000        0.00000000000000000000
        0.00000000000000000000        0.00000000000000000000
        0.00000000000000000000        0.00000000000000000000
        0.00000000000000000000        0.00000000000000000000
        0.00000000000000000000        0.00000000000000000000
        0.00000000000000000000        0.00000000000000000000
        0.00000000000000000000        0.00000000000000000000
        0.00000000000000000000        0.00000000000000000000
        0.00000000000000000000        0.00000000000000000000
        0.00000000000000000000        0.00000000000000000000
        0.00000000000000000000        0.00000000000000000000
        0.00000000000000000000        0.00000000000000000000
        0.00000000000000000000        0.00000000000000000000
        0.00000000000000000000        0.00000000000000000000
        0.00000000000000000000        0.00000000000000000000
        0.00000000000000000000        0.00000000000000000000
        0.00000000000000000000        0.00000000000000000000
        0.00000000000000000000        0.00000000000000000000
        0.00000000000000000000        0.00000000000000000000
        0.00000000000000000000        0.00000000000000000000
        0.00000000000000000000        0.00000000000000000000
        0.00000000000000000000        0.00000000000000000000
        0.00000000000000000000        0.00000000000000000000
        0.00000000000000000000        0.00000000000000000000
        0.00000000000000000000        0.00000000000000000000
        0.00000000000000000000        0.00000000000000000000
        0.00000000000000000000        0.00000000000000000000
        0.00000000000000000000        0.00000000000000000000
        0.00000000000000000000        0.00000000000000000000
        0.00000000000000000000        0.00000000000000000000
        0.00000000000000000000        0.00000000000000000000
        0.00000000000000000000        0.00000000000000000000
        0.00000000000000000000        0.00000000000000000000
        0.00000000000000000000        0.00000000000000000000
        0.00000000000000000000        0.00000000000000000000
        0.00000000000000000000        0.00000000000000000000
        0.00000000000000000000        0.00000000000000000000
        0.00000000000000000000        0.00000000000000000000
        0.00000000000000000000        0.00000000000000000000
        0.00000000000000000000        0.00000000000000000000
        0.00000000000000000000        0.00000000000000000000
        0.00000000000000000000        0.00000000000000000000
        0.00000000000000000000        0.00000000000000000000
        0.00000000000000000000        0.00000000000000000000
        0.00000000000000000000        0.00000000000000000000
        0.00000000000000000000        0.00000000000000000000
        0.00000000000000000000        0.00000000000000000000
        0.00000000000000000000        0.00000000000000000000
        0.00000000000000000000        0.00000000000000000000
        0.00000000000000000000        0.00000000000000000000
        0.00000000000000000000        0.00000000000000000000
        0.00000000000000000000        0.00000000000000000000
        0.00000000000000000000        0.00000000000000000000
        0.00000000000000000000        0.00000000000000000000
        0.00000000000000000000        0.00000000000000000000
        0.00000000000000000000        0.00000000000000000000
        0.00000000000000000000        0.00000000000000000000
        0.00000000000000000000        0.00000000000000000000
        0.00000000000000000000        0.00000000000000000000
        0.00000000000000000000        0.00000000000000000000
        0.00000000000000000000        0.00000000000000000000
        0.00000000000000000000        0.00000000000000000000
        0.00000000000000000000        0.00000000000000000000
        0.00000000000000000000        0.00000000000000000000
        0.00000000000000000000        0.00000000000000000000
        0.00000000000000000000        0.00000000000000000000
        0.00000000000000000000        0.00000000000000000000
        0.00000000000000000000        0.00000000000000000000
        0.00000000000000000000        0.00000000000000000000
        0.00000000000000000000        0.00000000000000000000
        0.00000000000000000000        0.00000000000000000000
        0.00000000000000000000        0.00000000000000000000
        0.00000000000000000000        0.00000000000000000000
        0.00000000000000000000        0.00000000000000000000
        0.00000000000000000000        0.00000000000000000000
        0.00000000000000000000        0.00000000000000000000
        0.00000000000000000000        0.00000000000000000000
        0.00000000000000000000        0.00000000000000000000
        0.00000000000000000000        0.00000000000000000000
        0.00000000000000000000        0.00000000000000000000
        0.00000000000000000000        0.00000000000000000000
        0.00000000000000000000        0.00000000000000000000
        0.00000000000000000000        0.00000000000000000000
        0.00000000000000000000        0.00000000000000000000
        0.00000000000000000000        0.00000000000000000000
        0.00000000000000000000        0.00000000000000000000
        0.00000000000000000000        0.00000000000000000000
        0.00000000000000000000        0.00000000000000000000
        0.00000000000000000000        0.00000000000000000000
        0.00000000000000000000        0.00000000000000000000
        0.00000000000000000000        0.00000000000000000000
        0.00000000000000000000        0.00000000000000000000
        0.00000000000000000000        0.00000000000000000000
        0.00000000000000000000        0.00000000000000000000
        0.00000000000000000000        0.00000000000000000000
        0.00000000000000000000        0.00000000000000000000
        0.00000000000000000000        0.00000000000000000000
        0.00000000000000000000        0.00000000000000000000
        0.00000000000000000000        0.00000000000000000000
        0.00000000000000000000        0.00000000000000000000
        0.00000000000000000000        0.00000000000000000000
        0.00000000000000000000        0.00000000000000000000
        0.00000000000000000000        0.00000000000000000000
        0.00000000000000000000        0.00000000000000000000
        0.00000000000000000000        0.00000000000000000000
        0.00000000000000000000        0.00000000000000000000
        0.00000000000000000000        0.00000000000000000000
        0.00000000000000000000        0.00000000000000000000
        0.00000000000000000000        0.00000000000000000000
        0.00000000000000000000        0.00000000000000000000
        0.00000000000000000000        0.00000000000000000000
        0.00000000000000000000        0.00000000000000000000
        0.00000000000000000000        0.00000000000000000000
        0.00000000000000000000        0.00000000000000000000
        0.00000000000000000000        0.00000000000000000000
        0.00000000000000000000        0.00000000000000000000
        0.00000000000000000000        0.00000000000000000000
        0.00000000000000000000        0.00000000000000000000
        0.00000000000000000000        0.00000000000000000000
        0.00000000000000000000        0.00000000000000000000
        0.00000000000000000000        0.00000000000000000000
        0.00000000000000000000        0.00000000000000000000
        0.00000000000000000000        0.00000000000000000000
        0.00000000000000000000        0.00000000000000000000
        0.00000000000000000000        0.00000000000000000000
        0.00000000000000000000        0.00000000000000000000
        0.00000000000000000000        0.00000000000000000000
        0.00000000000000000000        0.00000000000000000000
        0.00000000000000000000        0.00000000000000000000
        0.00000000000000000000        0.00000000000000000000
        0.00000000000000000000        0.00000000000000000000
        0.00000000000000000000        0.00000000000000000000
        0.00000000000000000000        0.00000000000000000000
        0.00000000000000000000        0.00000000000000000000
        0.00000000000000000000        0.00000000000000000000
        0.00000000000000000000        0.00000000000000000000
        0.00000000000000000000        0.00000000000000000000
        0.00000000000000000000        0.00000000000000000000
        0.00000000000000000000        0.00000000000000000000
        0.00000000000000000000        0.00000000000000000000
        0.00000000000000000000        0.00000000000000000000
        0.00000000000000000000        0.00000000000000000000
        0.00000000000000000000        0.00000000000000000000
        0.00000000000000000000        0.00000000000000000000
        0.00000000000000000000        0.00000000000000000000
        0.00000000000000000000        0.00000000000000000000
        0.00000000000000000000        0.00000000000000000000
        0.00000000000000000000        0.00000000000000000000
        0.00000000000000000000        0.00000000000000000000
        0.00000000000000000000        0.00000000000000000000
        0.00000000000000000000        0.00000000000000000000
        0.00000000000000000000        0.00000000000000000000
        0.00000000000000000000        0.00000000000000000000
        0.00000000000000000000        0.00000000000000000000
        0.00000000000000000000        0.00000000000000000000
        0.00000000000000000000        0.00000000000000000000
        0.00000000000000000000        0.00000000000000000000
        0.00000000000000000000        0.00000000000000000000
        0.00000000000000000000        0.00000000000000000000
        0.00000000000000000000        0.00000000000000000000
        0.00000000000000000000        0.00000000000000000000
        0.00000000000000000000        0.00000000000000000000
        0.00000000000000000000        0.00000000000000000000
        0.00000000000000000000        0.00000000000000000000
        0.00000000000000000000        0.00000000000000000000
        0.00000000000000000000        0.00000000000000000000
        0.00000000000000000000        0.00000000000000000000
        0.00000000000000000000        0.00000000000000000000
        0.00000000000000000000        0.00000000000000000000
        0.00000000000000000000        0.00000000000000000000
        0.00000000000000000000        0.00000000000000000000
        0.00000000000000000000        0.00000000000000000000
        0.00000000000000000000        0.00000000000000000000
        0.00000000000000000000        0.00000000000000000000
        0.00000000000000000000        0.00000000000000000000
        0.00000000000000000000        0.00000000000000000000
        0.00000000000000000000        0.00000000000000000000
        0.00000000000000000000        0.00000000000000000000
        0.00000000000000000000        0.00000000000000000000
        0.00000000000000000000        0.00000000000000000000
        0.00000000000000000000        0.00000000000000000000
